0 0.2546875 0.72890625 0.07421875 0.15859375
0 0.09453125 0.09921875 0.0890625 0.06640625
0 0.1953125 0.13671875 0.05703125 0.07890625
0 0.3734375 0.490625 0.15390625 0.1421875
0 0.73515625 0.090625 0.08671875 0.07578125
0 0.56640625 0.465625 0.09921875 0.08515625
0 0.83984375 0.5140625 0.265625 0.25625
0 0.03359375 0.51796875 0.04921875 0.128125
0 0.11875 0.56953125 0.09609375 0.05859375
0 0.20078125 0.45625 0.0765625 0.05078125
0 0.30859375 0.2703125 0.0734375 0.1203125
0 0.48515625 0.32578125 0.11640625 0.07421875
0 0.2984375 0.9359375 0.0859375 0.08828125
0 0.946875 0.78203125 0.08359375 0.1015625
0 0.93828125 0.09609375 0.04921875 0.07265625
0 0.98046875 0.22265625 0.0390625 0.09140625
0 0.4328125 0.07265625 0.04609375 0.09296875