3 0.694066 0.648356 0.380641 0.490166
3 0.380633 0.685867 0.313933 0.148377
3 0.073765 0.466630 0.140039 0.426796
1 0.761267 0.282406 0.035715 0.041678
1 0.885238 0.278128 0.036998 0.024216
1 0.871583 0.258745 0.029547 0.022455
1 0.843526 0.267996 0.024081 0.013662
0 0.578284 0.153897 0.028014 0.048377
1 0.822674 0.274605 0.026568 0.015423
1 0.795731 0.278128 0.021845 0.017171
1 0.798589 0.252802 0.042948 0.025548
1 0.829496 0.253495 0.021353 0.018114
2 0.623249 0.439612 0.069296 0.120305
2 0.879777 0.479501 0.092877 0.158225
2 0.480981 0.383384 0.044230 0.073232
2 0.419429 0.296429 0.046443 0.071914
1 0.562432 0.220589 0.036122 0.050999
