2 0.826665 0.257503 0.037803 0.036949
2 0.628737 0.209182 0.045262 0.060943
1 0.303769 0.242843 0.019062 0.013370
1 0.320543 0.227351 0.029578 0.023245
1 0.292052 0.257282 0.030172 0.024660
1 0.255727 0.237559 0.031360 0.023939
1 0.244609 0.266262 0.038507 0.030638
1 0.353350 0.243606 0.033518 0.025936
1 0.383921 0.248412 0.023729 0.020291
1 0.418765 0.253003 0.028694 0.024119
1 0.438233 0.574827 0.196263 0.293037
3 0.976188 0.187039 0.047623 0.126644
3 0.842025 0.198897 0.116341 0.081900
3 0.765278 0.168544 0.089132 0.110735
2 0.976849 0.328308 0.046302 0.070180
2 0.724828 0.226366 0.048608 0.029431
