2 0.163858 0.451498 0.113331 0.141026
3 0.676407 0.271664 0.117068 0.170125
3 0.682752 0.357982 0.093088 0.122594
3 0.677111 0.606928 0.267983 0.590472
1 0.350743 0.254473 0.023362 0.022871
1 0.363628 0.241969 0.023362 0.017864
1 0.383167 0.227677 0.025379 0.030721
1 0.360207 0.221963 0.021353 0.019293
1 0.335833 0.236609 0.021751 0.034300
1 0.315493 0.230895 0.022150 0.025728
1 0.070633 0.299189 0.098733 0.095076
2 0.546122 0.271470 0.082877 0.075007
2 0.509758 0.334480 0.087959 0.081026
2 0.421806 0.391484 0.081188 0.105021
