2 0.618038 0.393454 0.093120 0.103245
2 0.460903 0.405257 0.058194 0.079639
3 0.192623 0.738759 0.385246 0.522483
3 0.904030 0.487822 0.186231 0.498530
3 0.730274 0.686942 0.304285 0.324452
2 0.746071 0.349209 0.096443 0.120943
1 0.615958 0.225645 0.012916 0.008682
1 0.599715 0.238578 0.010172 0.011276
1 0.591102 0.224258 0.020751 0.010069
1 0.579562 0.217746 0.016841 0.010943
1 0.583577 0.242136 0.020743 0.015978
1 0.611020 0.232503 0.016536 0.014411
1 0.625891 0.216269 0.014973 0.013204
1 0.642432 0.226082 0.017326 0.015104
1 0.388526 0.223682 0.038397 0.043870
0 0.341712 0.155562 0.024722 0.047601
2 0.302111 0.328564 0.073167 0.109140
